year,hdi,gini,hom,ppincppp,pov,country_id
1990.0,0.72,55.576388600501204,17.946517487492883,7183.58,61.928818133530626,1.0
1991.0,0.73,46.8,-8.253970475358983,7990.19,44.85880498171309,1.0
1992.0,0.74,45.5,-11.460669063756313,8699.4,41.69452349618416,1.0
1993.0,0.74,44.9,-12.356866023746079,9506.51,39.77673888840491,1.0
1994.0,0.74,45.9,-8.258043764003787,10138.68,41.045243645639175,1.0
1995.0,0.75,48.9,1.6115811522677177,9925.13,46.81986954172669,1.0
1996.0,0.75,49.5,4.408485922955606,10531.85,47.349239180979794,1.0
1997.0,0.76,49.1,4.243403388732304,11444.47,45.72668040226904,1.0
1998.0,0.76,50.7,10.11503571766275,11880.48,48.29843219891666,1.0
1999.0,0.77,49.8,7.358514420482834,11506.7,46.7935100962236,1.0
2000.0,0.78,51.1,11.970083942249858,11542.99,49.12959891261153,1.0
2001.0,0.78,53.3,8.35,11159.33,48.9058561469933,1.0
2002.0,0.79,53.8,9.42,9990.72,50.69989998600795,1.0
2003.0,0.79,50.9,7.75,10974.32,47.03086995186811,1.0
2004.0,0.8,48.4,6.05,12162.34,43.322340452243225,1.0
2005.0,0.8,47.7,5.63,13513.67,40.9247289212301,1.0
2006.0,0.81,46.3,5.35,14896.73,38.17923211454274,1.0
2007.0,0.82,46.2,5.36,16510.45,35.977511189674146,1.0
2008.0,0.82,44.9,5.89,17336.93,34.2777898528841,1.0
2009.0,0.83,43.7,6.49,16249.73,34.8779088804564,1.0
2010.0,0.83,43.6,5.8,18063.91,32.1453249656945,1.0
2011.0,0.84,42.6,6.05,19322.23,29.982651126981978,1.0
2012.0,0.84,41.3,6.31,19641.35,28.7554423630462,1.0
2013.0,0.85,40.9,7.25,20131.68,28.09535555403795,1.0
2014.0,0.85,41.6,7.54,19683.77,28.826980837925362,1.0
2015.0,0.85,45.654434921716444,6.56,20105.2,29.780079913554346,1.0
2016.0,0.85,42.0,6.01,20307.87,30.3,1.0
2017.0,0.85,41.1,5.26,23597.12,25.7,1.0
2018.0,0.85,41.3,5.37,23294.1,32.0,1.0
2019.0,0.85,42.9,5.16,23007.84,35.5,1.0
2020.0,0.84,42.3,5.37,20787.86,42.0,1.0
2021.0,0.84,42.0,4.62,23754.36,37.3,1.0
1990.0,0.55,57.410743113934416,21.561984725694856,2294.73,68.28770715278483,2.0
1991.0,0.56,57.19606123048854,21.436263226478104,2446.02,67.66238345883687,2.0
1992.0,0.57,57.02879748667304,21.375989425720263,2491.53,67.21274063010151,2.0
1993.0,0.58,56.83036095565859,21.272690166928214,2606.58,66.6476048219098,2.0
1994.0,0.59,56.62707861173614,21.16270259635371,2732.44,66.06451561843596,2.0
1995.0,0.6,56.42068974760552,21.048427329142214,2865.23,65.46991697654369,2.0
1996.0,0.61,56.21853704739519,20.939998920981225,2988.57,64.89101302340384,2.0
1997.0,0.62,58.2,28.70711273687334,3132.59,68.81300078131596,2.0
1998.0,0.63,55.799895930342075,20.703355591171203,3267.23,63.68009229740835,2.0
1999.0,0.63,58.1,29.31329553498017,3267.43,68.29902252959721,2.0
2000.0,0.63,61.6,41.01532946555608,3364.02,74.76381233382813,2.0
2001.0,0.63,57.4,28.013280741329027,3436.37,66.61365090944696,2.0
2002.0,0.63,59.3,34.57175344931966,3514.59,70.05263685319255,2.0
2003.0,0.63,54.900782247127,20.26617678093794,3617.4,61.2039527569882,2.0
2004.0,0.63,55.0,21.822142709120953,3802.81,61.42586642954279,2.0
2005.0,0.63,58.5,33.62077389373849,4025.11,67.78629208926873,2.0
2006.0,0.64,56.7,28.456669843274312,4273.04,64.05463460842009,2.0
2007.0,0.64,54.5,21.992309443963677,4509.21,59.56978844648779,2.0
2008.0,0.65,50.8,10.76577366831225,4794.6,52.19577943546176,2.0
2009.0,0.66,49.2,6.135333892219933,4902.61,48.960415031366324,2.0
2010.0,0.66,53.211115788434796,19.08886062441593,5079.38,56.13804090523706,2.0
2011.0,0.67,46.1,-2.625275835465345,5363.99,42.47336668626269,2.0
2012.0,0.67,46.6,-0.26932568836741666,5814.07,42.94271257088599,2.0
2013.0,0.68,47.6,3.8803411217934354,6500.88,44.168543486927206,2.0
2014.0,0.68,47.8,5.2513295259734605,6920.78,44.09274700031415,2.0
2015.0,0.69,46.7,4.9,6992.13,42.995655350937454,2.0
2016.0,0.7,45.2,5.7,7345.83,41.852699424910384,2.0
2017.0,0.71,44.6,6.53,8244.93,40.5660340267782,2.0
2018.0,0.71,42.6,4.95,8669.83,38.05873183801077,2.0
2019.0,0.72,41.6,4.22,8890.46,37.2,2.0
2020.0,0.69,43.6,3.49,8110.11,39.0,2.0
2021.0,0.69,40.9,3.49,8885.24,36.4,2.0
1990.0,0.61,60.5,19.44,6617.94,62.15099713162624,3.0
1991.0,0.62,54.726723280288695,18.36,6793.81,58.15120016451067,3.0
1992.0,0.62,53.2,16.66,6797.15,56.33127429027036,3.0
1993.0,0.63,60.1,17.68,7183.9,59.68329460070731,3.0
1994.0,0.64,54.03926423574619,18.54,7644.22,56.03224055336079,3.0
1995.0,0.65,59.6,20.79,8008.06,59.22952449405216,3.0
1996.0,0.65,59.9,23.42,8208.22,60.00015687658947,3.0
1997.0,0.66,59.8,24.03,8504.68,59.58207690940219,3.0
1998.0,0.67,59.6,24.53,8503.7,59.408829047032555,3.0
1999.0,0.67,59.0,24.74,8541.71,58.85597892194551,3.0
2000.0,0.68,53.96367748596603,25.8,8994.74,55.840347008244066,3.0
2001.0,0.69,58.4,26.91,9202.88,58.13594364365542,3.0
2002.0,0.69,58.1,27.54,9510.82,57.6085277920821,3.0
2003.0,0.69,57.6,27.96,9693.56,57.030652915225915,3.0
2004.0,0.69,56.5,26.2,10407.84,54.58650828188354,3.0
2005.0,0.7,56.3,25.48,10954.86,53.25589166295299,3.0
2006.0,0.7,55.6,26.04,11614.5,52.07947423040173,3.0
2007.0,0.7,54.9,25.02,12522.52,49.93888850361748,3.0
2008.0,0.71,54.0,26.02,13281.07,48.729357315690095,3.0
2009.0,0.72,53.7,26.46,13222.75,48.54404402815533,3.0
2010.0,0.72,50.877532765442936,26.63,14254.52,45.64771167283345,3.0
2011.0,0.73,52.9,26.36,14989.16,45.46673480313984,3.0
2012.0,0.73,53.4,28.2,14994.34,46.230924514564094,3.0
2013.0,0.75,52.7,28.18,15535.72,44.94112280105651,3.0
2014.0,0.75,52.0,29.36,15664.8,44.64504720174068,3.0
2015.0,0.75,51.9,28.36,14692.63,45.00941950001095,3.0
2016.0,0.76,53.3,29.59,14208.16,46.55458378388005,3.0
2017.0,0.76,53.3,30.59,14477.86,46.38839928906327,3.0
2018.0,0.76,53.9,26.64,14971.06,44.16153556856989,3.0
2019.0,0.77,53.5,20.81,15307.94,40.78161280543577,3.0
2020.0,0.76,48.9,22.38,14900.1,39.214889692462066,3.0
2021.0,0.75,52.9,33.490928233169825,16260.1,44.22759947190548,3.0
1990.0,0.71,57.2,27.3351846451867,4437.06,64.45977242560889,4.0
1991.0,0.71,55.47086159466379,21.703949083956104,4872.14,60.34979998381982,4.0
1992.0,0.72,54.8,21.306795845061288,5533.63,58.77585222926257,4.0
1993.0,0.72,54.657991632703855,20.913353547932502,6026.75,57.67923427731898,4.0
1994.0,0.72,56.4,27.973051568718574,6473.89,60.82164854503674,4.0
1995.0,0.73,53.81426715617829,20.08017184169853,7250.19,54.89435476903577,4.0
1996.0,0.74,54.9,25.13777016607787,7959.49,56.52803792828229,4.0
1997.0,0.74,52.922219031967145,19.180292632212286,8581.43,51.93043955201779,4.0
1998.0,0.75,55.5,28.628565645953586,8927.84,56.65254303064921,4.0
1999.0,0.76,52.47583440326994,18.905357015981963,8921.98,50.61673107079491,4.0
2000.0,0.76,52.8,-2.390578964510496,9468.32,36.0,4.0
2001.0,0.77,51.75278008185026,18.238727266149453,9876.23,48.278925982123496,4.0
2002.0,0.77,51.44155736792128,17.969929979631615,10239.39,47.29687041950842,4.0
2003.0,0.78,51.5,3.23,10820.67,35.4,4.0
2004.0,0.79,50.47731178605109,16.98022976548259,11735.18,44.06452360657772,4.0
2005.0,0.8,47.7158612688651,3.56,12685.03,35.47738878559426,4.0
2006.0,0.8,47.3,3.61,15676.58,29.1,4.0
2007.0,0.8,46.01908521339425,3.73,16875.72,29.232863028615384,4.0
2008.0,0.81,45.954958599051224,3.53,16550.45,29.20768805828982,4.0
2009.0,0.81,47.0,3.74,16118.38,25.3,4.0
2010.0,0.81,45.076933643032575,3.18,18104.73,26.229122238204354,4.0
2011.0,0.82,46.0,3.7,20330.53,22.2,4.0
2012.0,0.82,43.47927473718653,2.5,21584.68,20.49587042905398,4.0
2013.0,0.84,45.8,3.18,22425.59,14.4,4.0
2014.0,0.84,42.78069686768454,2.48,22779.43,18.167905505766953,4.0
2015.0,0.85,44.4,2.34,22691.49,11.7,4.0
2016.0,0.85,42.41406437444719,3.43,23492.29,16.990201973149397,4.0
2017.0,0.85,44.4,4.24,24546.91,8.6,4.0
2018.0,0.86,41.58458704775359,4.41,25564.54,14.005079716203,4.0
2019.0,0.86,41.350436952774785,3.94,25600.19,13.357250564420042,4.0
2020.0,0.85,44.9,4.8,24941.23,10.8,4.0
2021.0,0.86,40.07213541259998,3.63,28337.07,8.813527750231515,4.0
1990.0,0.61,64.13803843240878,74.63,5083.67,85.7876013132236,5.0
1991.0,0.62,65.7829214886787,85.43,5252.64,90.80093596951679,5.0
1992.0,0.63,51.5,83.04,5479.89,81.68381444904037,5.0
1993.0,0.63,64.75355973152509,82.16,5796.49,87.66265403270222,5.0
1994.0,0.64,63.56277588290527,76.72,6143.69,84.01979453757366,5.0
1995.0,0.64,60.80100331079038,62.05,6475.08,75.61551913997755,5.0
1996.0,0.65,56.9,63.74,6607.5,73.84113572976321,5.0
1997.0,0.66,60.42259980871975,62.21,6829.09,74.50829637902427,5.0
1998.0,0.67,60.04944244308845,60.85,6825.87,73.4500188118684,5.0
1999.0,0.66,58.7,63.12,6520.96,73.78141572187155,5.0
2000.0,0.67,58.7,67.68,6753.46,75.18099918540963,5.0
2001.0,0.67,57.5,69.88,6911.73,75.02343724088746,5.0
2002.0,0.67,56.0,70.17,7085.62,73.87171103880814,5.0
2003.0,0.68,53.6,57.29,7398.18,66.4454994352576,5.0
2004.0,0.68,55.0,48.53,7888.45,62.586026428022706,5.0
2005.0,0.7,53.9,42.9,8413.0,58.70315044607912,5.0
2006.0,0.7,54.70562365908354,40.86,9135.68,57.136482206954724,5.0
2007.0,0.71,54.10708291789773,39.71,9891.38,55.16932146180045,5.0
2008.0,0.72,55.3,36.84,10291.2,53.825189607102175,5.0
2009.0,0.72,54.3,35.69,10357.33,52.446251171946756,5.0
2010.0,0.73,54.6,34.49,10830.2,51.26036486664191,5.0
2011.0,0.73,53.5,35.59,11694.73,49.86620501941775,5.0
2012.0,0.73,52.6,35.91,12095.65,48.781250224991936,5.0
2013.0,0.75,52.6,33.35,12798.66,46.5868585940334,5.0
2014.0,0.75,52.6,28.59,13390.03,43.58242996624415,5.0
2015.0,0.75,51.0,27.13,13378.68,41.843531813280265,5.0
2016.0,0.76,50.6,26.04,13971.34,40.195953203460704,5.0
2017.0,0.76,49.7,25.43,14334.92,38.75621990018783,5.0
2018.0,0.76,50.4,26.23,15161.32,38.22909011690422,5.0
2019.0,0.77,51.3,25.75,15872.31,35.7,5.0
2020.0,0.76,53.5,24.24,15103.07,42.5,5.0
2021.0,0.75,51.5,27.48,17105.0,39.3,5.0
1990.0,0.65,52.50430840791,8.54,4723.55,49.921288358123434,6.0
1991.0,0.65,52.6587558367609,10.79,4980.16,50.386922384282,6.0
1992.0,0.66,52.09882572690333,8.57,5092.72,48.72764405167379,6.0
1993.0,0.66,51.87349659187832,8.32,5211.92,48.08179866544856,6.0
1994.0,0.67,53.4,10.04,5444.83,49.07203472613435,6.0
1995.0,0.67,52.07006538354207,11.87,5578.99,48.715384840439015,6.0
1996.0,0.67,51.9894848138979,12.42,5674.71,48.51566620157996,6.0
1997.0,0.68,51.51862950393324,10.98,5915.59,47.08858195364405,6.0
1998.0,0.68,51.74915566540807,13.47,6070.3,47.81525769472546,6.0
1999.0,0.68,58.6,13.55,5763.77,51.5436419544061,6.0
2000.0,0.69,56.4,14.52,5857.5,50.40485263075857,6.0
2001.0,0.69,51.20997867703262,12.91,6123.76,46.38276870089567,6.0
2002.0,0.7,51.271147500447654,14.58,6362.5,46.57046576830999,6.0
2003.0,0.7,53.5,25.982375726867303,6549.2,52.13079066611385,6.0
2004.0,0.71,53.9,28.14371554920922,7151.7,52.28622007300385,6.0
2005.0,0.71,53.1,26.356342275905945,7633.47,50.25840013942479,6.0
2006.0,0.72,52.3,24.54716006189392,8075.33,48.266401550898195,6.0
2007.0,0.72,53.4,15.95,8330.83,36.7,6.0
2008.0,0.73,49.8,17.98,8877.78,35.1,6.0
2009.0,0.73,48.5,17.81,8835.39,36.0,6.0
2010.0,0.74,48.8,17.51,9104.36,32.8,6.0
2011.0,0.74,45.9,15.38,9861.5,28.6,6.0
2012.0,0.75,46.1,12.41,10304.89,27.3,6.0
2013.0,0.76,46.9,10.97,11142.68,25.6,6.0
2014.0,0.76,45.0,8.21,11708.65,22.5,6.0
2015.0,0.76,46.0,6.48,11071.3,23.3,6.0
2016.0,0.76,45.0,5.83,11068.86,22.9,6.0
2017.0,0.76,44.7,5.81,11679.43,21.5,6.0
2018.0,0.76,45.4,5.84,11887.49,23.2,6.0
2019.0,0.76,45.7,6.84,11873.29,25.0,6.0
2020.0,0.73,47.3,7.8,10937.11,33.0,6.0
2021.0,0.74,45.8,14.02,11772.53,27.7,6.0
1990.0,0.51,53.22489260391616,12.05,3032.57,51.93650137612224,7.0
1991.0,0.51,55.32691556000671,25.8,3338.54,58.29638729065175,7.0
1992.0,0.52,53.06868838107175,14.09,3675.07,51.41809842123814,7.0
1993.0,0.53,53.06320202985701,15.66,4057.81,51.360858811226194,7.0
1994.0,0.54,52.561032511702024,14.41,4483.94,49.78382771877716,7.0
1995.0,0.55,52.327531810275644,14.5,4794.59,49.056178859973215,7.0
1996.0,0.56,51.544449831486745,11.68,5257.63,46.61592049880869,7.0
1997.0,0.56,51.23476983738993,11.52,5666.52,45.628242299134854,7.0
1998.0,0.57,45.1,14.93,5623.02,43.61349098553001,7.0
1999.0,0.57,50.96805506423206,12.01,5860.86,44.90746611382906,7.0
2000.0,0.58,50.46966777762552,10.01,5903.82,43.45554859443712,7.0
2001.0,0.58,50.32587353043182,10.53,6168.28,43.013997437083844,7.0
2002.0,0.59,51.54238059159026,18.81,6331.09,46.729477957113545,7.0
2003.0,0.6,52.85329308480259,27.48,6413.2,50.75531552028781,7.0
2004.0,0.61,50.86520442819591,17.23,6689.53,44.71447330206718,7.0
2005.0,0.62,50.9446180547551,18.69,6771.06,45.004149052889034,7.0
2006.0,0.63,50.85586387205973,20.17,7351.02,44.635786733796294,7.0
2007.0,0.64,49.60280686410215,15.2,8112.35,40.68117185174492,7.0
2008.0,0.64,50.33087937512724,20.95,8439.51,42.866245344198774,7.0
2009.0,0.65,49.13399013494744,15.57,8834.22,39.190772011896,7.0
2010.0,0.66,49.35200309624574,18.72,9351.79,39.77163607649993,7.0
2011.0,0.67,48.74168404773825,17.47,10092.08,37.77331048001963,7.0
2012.0,0.67,48.61795215491266,18.68,10640.67,37.30836229175134,7.0
2013.0,0.67,48.63636361627816,20.74,11198.16,37.27203363465151,7.0
2014.0,0.68,48.36397586093928,19.84,11130.49,36.53860252020638,7.0
2015.0,0.68,48.116932885702454,19.73,11382.24,35.787567010128214,7.0
2016.0,0.69,47.7672819370578,18.71,11479.46,34.770819342431764,7.0
2017.0,0.69,46.75801752465594,15.07,12193.62,31.570085936377495,7.0
2018.0,0.7,46.29092213910867,14.13,12671.7,30.08406176497101,7.0
2019.0,0.71,46.40600059708872,17.03,13364.22,30.300739687228315,7.0
2020.0,0.72,44.618999328194874,19.69,19462.93,23.14322264530142,7.0
2021.0,0.71,42.266715239780225,16.28,24193.53,14.676863338355133,7.0
1990.0,0.6,40.8,-17.23873770977343,5603.71,28.000657033696484,8.0
1991.0,0.6,53.69793282347101,24.15167062530145,5839.1,51.978292266498556,8.0
1992.0,0.61,53.515418889541806,24.070348131959463,5918.63,51.47214855825348,8.0
1993.0,0.61,53.240954423388345,23.852285495409888,6199.79,50.62627971285747,8.0
1994.0,0.62,52.956346697619125,23.630050605356473,6507.07,49.74188570160459,8.0
1995.0,0.62,58.2,41.61610049029491,6929.36,59.44030891217915,8.0
1996.0,0.63,52.43856477646001,23.246742939834576,7003.4,48.164600387919904,8.0
1997.0,0.64,54.9,32.12428139289227,7262.05,52.68265503415171,8.0
1998.0,0.64,52.05881007569789,23.05394388494301,7191.82,47.0986961973922,8.0
1999.0,0.65,54.6,31.820208171871627,7046.72,52.07925526387248,8.0
2000.0,0.65,51.26399499173674,19.42,6905.25,44.89112403949571,8.0
2001.0,0.65,54.6,25.21,6884.07,48.87528261148191,8.0
2002.0,0.66,57.3,25.95,6890.74,57.7,8.0
2003.0,0.65,54.9,24.0,7238.95,51.4,8.0
2004.0,0.66,52.3,22.32,7644.81,48.8,8.0
2005.0,0.66,51.4,16.2,7963.72,44.9,8.0
2006.0,0.66,53.0,13.41,8514.23,48.9,8.0
2007.0,0.67,53.0,14.01,9126.94,45.3,8.0
2008.0,0.68,50.7,14.76,9809.75,43.2,8.0
2009.0,0.68,49.1,14.4,9747.69,41.6,8.0
2010.0,0.69,51.0,12.85,10833.9,39.0,8.0
2011.0,0.7,52.3,11.24,11384.37,37.0,8.0
2012.0,0.7,47.6,10.96,10861.36,31.4,8.0
2013.0,0.71,47.9,10.06,11992.08,28.0,8.0
2014.0,0.72,50.7,9.49,12411.3,27.2,8.0
2015.0,0.72,47.6,9.99,12436.23,26.6,8.0
2016.0,0.72,47.9,10.68,13024.15,28.9,8.0
2017.0,0.72,48.5,8.51,13604.18,26.4,8.0
2018.0,0.73,46.0,7.71,14181.43,24.2,8.0
2019.0,0.73,45.7,8.48,14186.93,23.5,8.0
2020.0,0.73,43.5,7.27,14063.27,26.9,8.0
2021.0,0.72,42.9,7.83,15091.33,26.9,8.0
1990.0,0.62,54.63383084900727,26.553032557708093,3351.99,54.819503692001945,9.0
1991.0,0.63,54.43500432194941,26.449195016654357,3467.91,54.25292297595695,9.0
1992.0,0.63,54.29159645725501,26.412019968698814,3456.71,53.89260960185504,9.0
1993.0,0.63,54.05639159281105,26.248144413176533,3650.29,53.192194813703395,9.0
1994.0,0.64,53.70561453833284,25.934580966028307,4105.18,52.062648103320385,9.0
1995.0,0.65,53.41936613955323,25.710081578184145,4416.12,51.172175514201626,9.0
1996.0,0.65,53.21639198260995,25.590691648670145,4537.8,50.59117322565987,9.0
1997.0,0.66,53.3,26.9418257677537,4826.26,50.59661734368683,9.0
1998.0,0.66,55.1,33.081143741559345,4776.21,53.95202682594061,9.0
1999.0,0.67,54.8,32.58028815349007,4834.65,53.22867217373414,9.0
2000.0,0.68,49.1,14.850304555985986,5000.78,42.152354293711596,9.0
2001.0,0.68,51.3,22.368542730065656,5076.39,46.16370478909505,9.0
2002.0,0.69,53.6,30.38612589817467,5373.1,50.18425265715484,9.0
2003.0,0.68,53.1,29.392449944618875,5647.67,48.895959251547424,9.0
2004.0,0.69,49.9,45.64969014755775,6027.77,58.7,9.0
2005.0,0.69,50.5,42.54383761677582,6548.05,55.6,9.0
2006.0,0.69,50.3,34.30881054468,7198.51,49.2,9.0
2007.0,0.7,50.0,25.658856207226336,7961.3,42.4,9.0
2008.0,0.71,47.5,19.366778005862216,8791.26,37.3,9.0
2009.0,0.71,47.0,14.011571651067243,8881.93,33.5,9.0
2010.0,0.73,45.5,11.644003333341061,9664.27,30.8,9.0
2011.0,0.73,44.7,5.49,10400.95,27.8,9.0
2012.0,0.74,44.4,6.62,10679.8,25.8,9.0
2013.0,0.75,43.9,6.7,11196.38,23.9,9.0
2014.0,0.76,43.1,6.84,11410.33,22.7,9.0
2015.0,0.76,43.4,7.32,11481.47,21.8,9.0
2016.0,0.76,43.6,7.82,11933.6,20.7,9.0
2017.0,0.77,43.3,7.87,12442.75,21.7,9.0
2018.0,0.78,42.4,7.61,13001.46,20.5,9.0
2019.0,0.78,41.6,7.27,13275.28,20.2,9.0
2020.0,0.76,43.8,5.71,11813.99,30.1,9.0
2021.0,0.76,40.2,17.91592332465234,13830.57,25.9,9.0
1990.0,0.6497465929321793,52.90214673988277,25.442832546336604,6487.97,47.947601675035344,10.0
1991.0,0.6536543386648658,52.59873412736886,25.18865180818875,6835.07,46.99411353374887,10.0
1992.0,0.6551521539419047,52.39472931389135,25.06930738867709,6959.57,46.40915213630183,10.0
1993.0,0.6514339746357162,52.40588031127517,25.241799402029983,6602.28,46.621821016996364,10.0
1994.0,0.6548538880847933,52.12259040956356,25.014913023800545,6904.32,45.742932224665196,10.0
1995.0,0.6551762938848792,51.96707034335199,24.961333110642954,6920.25,45.337714531524966,10.0
1996.0,0.6558387532142196,51.79752332759972,24.888727102388657,6967.59,44.88049582749477,10.0
1997.0,0.6600419481927935,51.48192365832179,24.618015891934192,7341.98,43.881827565636286,10.0
1998.0,0.6613571240862441,51.28545258055746,24.50889019971578,7449.61,43.32479539626024,10.0
1999.0,0.6444566287465822,57.9,46.19979683196152,7310.94,55.98551559924579,10.0
2000.0,0.6670134213817143,49.235735972343605,14.2,7497.48,37.209867370468146,10.0
2001.0,0.6699064524264436,49.31580098869807,16.21,7850.77,37.42108737524029,10.0
2002.0,0.6745005843204958,48.297549918353724,11.5,8059.59,34.342852665631995,10.0
2003.0,0.6800891539049796,48.04124741482522,11.91,8595.72,33.479254560969935,10.0
2004.0,0.67,47.11074678859654,9.01,9449.32,30.476369536487255,10.0
2005.0,0.68,47.49902070750153,13.37,10072.76,31.542402357950778,10.0
2006.0,0.69,46.83049982066353,11.88,10863.02,29.352674159083563,10.0
2007.0,0.7,45.862482748536564,8.52,11595.3,26.27147811818918,10.0
2008.0,0.71,45.442682043352946,8.05,12169.23,24.900518061842945,10.0
2009.0,0.72,47.40919975117073,20.98485180267585,12475.0,30.83902219221261,10.0
2010.0,0.72,46.96744939593353,20.53589701155147,13129.34,29.37337091838026,10.0
2011.0,0.73,46.41675230068803,19.946398940100835,14030.21,27.503134547688774,10.0
2012.0,0.73,45.69545547111801,19.111607135967233,15308.16,25.001783289405807,10.0
2013.0,0.73,42.80851262011983,5.14,16318.6,16.043203031403323,10.0
2014.0,0.74,42.59523495230165,5.62,16764.04,15.336935048588089,10.0
2015.0,0.74,42.51790290257158,5.91,16721.3,15.188136011934375,10.0
2016.0,0.75,43.289548524620685,7.05,14633.19,18.22148420395581,10.0
2017.0,0.75,41.91678179380989,6.13,17753.06,13.204422889510397,10.0
2018.0,0.76,41.43246545943538,6.4,18881.62,11.4732351607272,10.0
2019.0,0.76,40.931216363445074,5.0,19231.65,9.921797918879065,10.0
2020.0,0.74,42.53174122395488,9.06,16187.82,15.754081058150177,10.0
2021.0,0.73,41.781494225741056,5.71,16294.49,13.51959733951901,10.0
1990.0,0.7,49.177696653215776,6.61,6655.41,35.87549393667882,11.0
1991.0,0.7,48.81742106125097,6.19,7082.25,34.728986569871495,11.0
1992.0,0.71,48.36606029066972,5.77,7772.67,33.227726195933315,11.0
1993.0,0.71,51.403262494717694,25.16628480937743,8121.98,42.44831381043957,11.0
1994.0,0.72,50.93064977971619,24.684560746193938,8848.66,40.86737456502044,11.0
1995.0,0.72,47.59997469515211,5.95,8852.49,30.802410674348607,11.0
1996.0,0.72,47.31643935083399,6.35,9463.33,29.83416143988154,11.0
1997.0,0.74,47.0498996290456,7.49,10390.0,28.823345370981656,11.0
1998.0,0.74,46.72330547805652,7.48,10922.46,27.747702392648762,11.0
1999.0,0.75,46.45298061979345,6.59,10853.76,27.02083552298052,11.0
2000.0,0.75,46.300208702326,6.5,10841.59,26.634087716950717,11.0
2001.0,0.76,46.24766377085231,6.6,10631.55,26.6098769950961,11.0
2002.0,0.76,46.40876412439536,6.99,9945.82,27.375169666956708,11.0
2003.0,0.77,45.99747356050146,5.95,10212.17,26.121249478675963,11.0
2004.0,0.77,45.60036134961332,6.04,10999.1,24.75618736855961,11.0
2005.0,0.77,45.00063825582161,5.73,12176.09,22.660727606796286,11.0
2006.0,0.77,45.9,6.08,13048.08,21.99350150468274,11.0
2007.0,0.77,46.4,5.83,14250.0,20.475993722191106,11.0
2008.0,0.77,45.1,6.62,15530.65,18.361131836397135,11.0
2009.0,0.78,45.5,6.76,16254.33,17.510927247567793,11.0
2010.0,0.79,44.5,6.11,17688.38,14.759347280057568,11.0
2011.0,0.79,42.2,5.92,18937.21,11.733441016555958,11.0
2012.0,0.8,39.9,7.92,19290.29,10.682055051110638,11.0
2013.0,0.81,40.5,7.69,20445.56,9.278922658761985,11.0
2014.0,0.81,40.1,7.9,21645.12,7.485419805133347,11.0
2015.0,0.81,40.1,8.61,21948.77,7.1557581031803466,11.0
2016.0,0.82,39.7,7.82,22618.69,5.547034021729928,11.0
2017.0,0.82,39.5,8.27,23384.74,4.464428420577747,11.0
2018.0,0.82,39.7,12.28,23950.39,5.349245070965139,11.0
2019.0,0.82,39.7,11.49,24551.75,4.032478592226084,11.0
2020.0,0.82,40.2,9.86,23309.79,4.75699000995553,11.0
2021.0,0.81,40.8,8.9,25663.41,1.6546087749759408,11.0
1990.0,0.66,48.73373360053192,12.53,9533.13,33.00022327677334,12.0
1991.0,0.67,48.21091808884752,12.37,10560.14,31.182347221931877,12.0
1992.0,0.68,42.1,15.78,11192.94,28.396305244367454,12.0
1993.0,0.68,49.0450451952799,20.27,11233.85,33.659326305861555,12.0
1994.0,0.68,49.27055312252304,21.87,10961.48,34.49743782674943,12.0
1995.0,0.68,47.2,20.27,11388.12,31.942273431495437,12.0
1996.0,0.68,48.877466830438934,21.98,11335.35,33.34024193377877,12.0
1997.0,0.69,47.87882929772837,18.34,12017.63,30.180972970813627,12.0
1998.0,0.69,48.1,19.36,11946.84,30.534890264326236,12.0
1999.0,0.68,47.8,24.93,11171.73,33.37835641399829,12.0
2000.0,0.68,51.11512634271635,32.84,11622.61,41.6,12.0
2001.0,0.69,47.2,31.99,12064.38,31.1,12.0
2002.0,0.7,49.0,37.97,10968.67,41.1,12.0
2003.0,0.69,48.1,43.99,10137.18,54.0,12.0
2004.0,0.71,47.5,37.06,12103.94,53.1,12.0
2005.0,0.72,49.5,37.36,13543.37,42.4,12.0
2006.0,0.73,44.8,45.23,15094.29,33.1,12.0
2007.0,0.75,47.97420042274679,47.8,16600.12,27.5,12.0
2008.0,0.76,48.15284169719908,52.23,17550.81,27.7,12.0
2009.0,0.76,47.668775345218165,49.37,16859.83,26.4,12.0
2010.0,0.76,47.5276902943164,45.55,16581.82,26.8,12.0
2011.0,0.76,47.72999298399536,48.45,17402.28,27.4,12.0
2012.0,0.77,47.83517314333649,54.54,20500.541495994898,27.2,12.0
2013.0,0.77,47.42333091289801,33.4413006734253,15025.244689113912,29.4,12.0
2014.0,0.77,48.654697611276816,63.03,21260.156349139113,29.5,12.0
2015.0,0.77,48.98772227732388,51.27,17207.79761117643,33.1,12.0
2016.0,0.76,50.27219056791148,56.62,16260.963396777384,37.553914335710715,12.0
2017.0,0.74,48.873992963298804,47.98,15615.545337289615,33.5856262022254,12.0
2018.0,0.74,43.9587053842078,20.349852534417323,15816.530868242538,18.64723186701167,12.0
2019.0,0.72,47.54117242270432,40.98,15181.723027273314,29.826984619424366,12.0
2020.0,0.69,45.79208786327969,29.43,14108.253235311306,24.924980481424768,12.0
2021.0,0.69,43.848770549289085,19.31,14317.448615821122,19.042359888689134,12.0
